Model: vit_b_16
Final validation accuracy: 90.79%

              precision    recall  f1-score   support

           1       0.90      0.90      0.90        21
          10       0.88      0.85      0.86        33
          11       0.87      0.83      0.85        24
          12       0.96      0.89      0.92        27
          13       0.92      0.92      0.92        24
          14       1.00      1.00      1.00         9
          15       0.97      0.97      0.97        36
           2       0.83      0.95      0.89        21
           3       0.89      0.89      0.89        27
           4       0.93      0.96      0.95        27
           5       1.00      0.93      0.96        27
           6       0.96      0.96      0.96        27
           7       0.96      0.92      0.94        24
           8       0.75      0.89      0.81        27
           9       0.85      0.73      0.79        15

    accuracy                           0.91       369
   macro avg       0.91      0.91      0.91       369
weighted avg       0.91      0.91      0.91       369
