Model: swin_b
Final validation accuracy: 94.04%

              precision    recall  f1-score   support

           1       1.00      0.95      0.98        21
          10       0.89      1.00      0.94        33
          11       1.00      0.88      0.93        24
          12       0.93      0.93      0.93        27
          13       0.95      0.88      0.91        24
          14       0.90      1.00      0.95         9
          15       0.97      0.97      0.97        36
           2       0.95      1.00      0.98        21
           3       0.96      0.85      0.90        27
           4       0.90      1.00      0.95        27
           5       0.89      0.93      0.91        27
           6       1.00      0.89      0.94        27
           7       0.96      1.00      0.98        24
           8       0.87      1.00      0.93        27
           9       1.00      0.80      0.89        15

    accuracy                           0.94       369
   macro avg       0.95      0.94      0.94       369
weighted avg       0.94      0.94      0.94       369
