Model: resnet101
Final validation accuracy: 96.21%

              precision    recall  f1-score   support

           1       0.91      1.00      0.95        21
          10       0.97      1.00      0.99        33
          11       1.00      0.96      0.98        24
          12       0.93      0.93      0.93        27
          13       0.96      0.96      0.96        24
          14       1.00      1.00      1.00         9
          15       1.00      0.94      0.97        36
           2       0.95      0.95      0.95        21
           3       0.96      0.96      0.96        27
           4       1.00      0.96      0.98        27
           5       0.90      1.00      0.95        27
           6       1.00      0.96      0.98        27
           7       0.96      0.96      0.96        24
           8       0.93      0.96      0.95        27
           9       1.00      0.87      0.93        15

    accuracy                           0.96       369
   macro avg       0.96      0.96      0.96       369
weighted avg       0.96      0.96      0.96       369
