Model: resnet50
Final validation accuracy: 93.50%

              precision    recall  f1-score   support

           1       0.91      0.95      0.93        21
          10       0.86      0.97      0.91        33
          11       1.00      0.88      0.93        24
          12       0.89      0.93      0.91        27
          13       0.96      0.96      0.96        24
          14       1.00      1.00      1.00         9
          15       1.00      0.92      0.96        36
           2       0.77      0.95      0.85        21
           3       0.96      0.89      0.92        27
           4       1.00      0.93      0.96        27
           5       0.90      0.96      0.93        27
           6       0.96      0.93      0.94        27
           7       0.96      0.96      0.96        24
           8       1.00      0.96      0.98        27
           9       0.93      0.87      0.90        15

    accuracy                           0.93       369
   macro avg       0.94      0.94      0.94       369
weighted avg       0.94      0.93      0.94       369
