Model: resnet18
Final validation accuracy: 89.16%

              precision    recall  f1-score   support

           1       0.94      0.81      0.87        21
          10       0.86      0.76      0.81        33
          11       0.95      0.83      0.89        24
          12       0.89      0.89      0.89        27
          13       0.92      0.96      0.94        24
          14       1.00      1.00      1.00         9
          15       0.94      0.89      0.91        36
           2       0.64      0.86      0.73        21
           3       0.76      0.96      0.85        27
           4       0.93      0.96      0.95        27
           5       0.86      0.93      0.89        27
           6       1.00      0.89      0.94        27
           7       1.00      0.96      0.98        24
           8       0.96      0.89      0.92        27
           9       0.87      0.87      0.87        15

    accuracy                           0.89       369
   macro avg       0.90      0.90      0.90       369
weighted avg       0.90      0.89      0.89       369
