Model: convnext_base
Final validation accuracy: 92.68%

              precision    recall  f1-score   support

           1       0.86      0.90      0.88        21
          10       0.91      0.91      0.91        33
          11       0.91      0.83      0.87        24
          12       0.89      0.89      0.89        27
          13       0.92      0.96      0.94        24
          14       1.00      1.00      1.00         9
          15       0.97      0.94      0.96        36
           2       0.91      0.95      0.93        21
           3       1.00      0.89      0.94        27
           4       0.96      0.93      0.94        27
           5       0.93      1.00      0.96        27
           6       0.89      0.93      0.91        27
           7       1.00      1.00      1.00        24
           8       0.90      0.96      0.93        27
           9       0.86      0.80      0.83        15

    accuracy                           0.93       369
   macro avg       0.93      0.93      0.93       369
weighted avg       0.93      0.93      0.93       369
