Model: efficientnet_b1
Final validation accuracy: 69.92%

              precision    recall  f1-score   support

           1       0.71      0.48      0.57        21
          10       0.68      0.64      0.66        33
          11       0.69      0.38      0.49        24
          12       0.69      0.81      0.75        27
          13       0.75      0.62      0.68        24
          14       1.00      0.89      0.94         9
          15       0.64      0.89      0.74        36
           2       0.69      0.43      0.53        21
           3       0.50      0.78      0.61        27
           4       0.83      0.70      0.76        27
           5       0.73      0.70      0.72        27
           6       0.81      0.78      0.79        27
           7       0.80      0.83      0.82        24
           8       0.67      0.74      0.70        27
           9       0.75      0.80      0.77        15

    accuracy                           0.70       369
   macro avg       0.73      0.70      0.70       369
weighted avg       0.71      0.70      0.69       369
