Model: convnext_small
Final validation accuracy: 92.14%

              precision    recall  f1-score   support

           1       0.90      0.86      0.88        21
          10       0.89      0.94      0.91        33
          11       0.76      0.92      0.83        24
          12       0.92      0.85      0.88        27
          13       0.96      0.96      0.96        24
          14       1.00      1.00      1.00         9
          15       0.97      0.94      0.96        36
           2       0.89      0.81      0.85        21
           3       0.87      0.96      0.91        27
           4       0.93      1.00      0.96        27
           5       1.00      1.00      1.00        27
           6       1.00      0.96      0.98        27
           7       1.00      0.83      0.91        24
           8       0.90      0.96      0.93        27
           9       0.92      0.73      0.81        15

    accuracy                           0.92       369
   macro avg       0.93      0.92      0.92       369
weighted avg       0.93      0.92      0.92       369
