Model: efficientnet_b0
Final validation accuracy: 70.73%

              precision    recall  f1-score   support

           1       0.58      0.67      0.62        21
          10       0.73      0.73      0.73        33
          11       0.75      0.50      0.60        24
          12       0.75      0.89      0.81        27
          13       0.78      0.75      0.77        24
          14       0.89      0.89      0.89         9
          15       0.60      0.78      0.67        36
           2       0.36      0.57      0.44        21
           3       0.74      0.52      0.61        27
           4       0.90      0.70      0.79        27
           5       0.76      0.81      0.79        27
           6       0.74      0.63      0.68        27
           7       0.95      0.88      0.91        24
           8       0.76      0.70      0.73        27
           9       0.69      0.60      0.64        15

    accuracy                           0.71       369
   macro avg       0.73      0.71      0.71       369
weighted avg       0.73      0.71      0.71       369
