Model: mobilenet_v3_large
Final validation accuracy: 81.84%

              precision    recall  f1-score   support

           1       0.76      0.62      0.68        21
          10       0.92      0.67      0.77        33
          11       0.91      0.83      0.87        24
          12       0.77      0.89      0.83        27
          13       0.88      0.92      0.90        24
          14       1.00      1.00      1.00         9
          15       0.82      0.86      0.84        36
           2       0.62      0.71      0.67        21
           3       0.77      0.89      0.83        27
           4       0.59      0.81      0.69        27
           5       0.74      0.85      0.79        27
           6       1.00      0.78      0.88        27
           7       1.00      0.92      0.96        24
           8       0.96      0.81      0.88        27
           9       0.86      0.80      0.83        15

    accuracy                           0.82       369
   macro avg       0.84      0.82      0.83       369
weighted avg       0.84      0.82      0.82       369
